100 1200
58 70
52 62
84 87
68 78
27 40
22 36
60 65
15 34
64 69
48 60
66 84
68 80
42 54
26 42
46 49
35 39
91 105
97 113
30 31
55 58
72 77
92 99
21 35
5 17
82 83
67 77
25 35
62 77
8 27
13 21
21 35
51 67
58 74
84 103
17 20
64 84
64 68
68 88
63 77
72 79
90 105
78 82
59 78
83 93
36 43
13 28
71 88
59 79
26 35
79 86
92 107
56 76
10 15
68 72
76 88
14 25
98 118
38 55
86 89
54 66
80 88
65 82
37 43
16 33
81 93
51 69
25 29
12 30
83 100
39 51
7 26
99 108
94 111
65 75
59 71
64 74
31 38
98 103
7 14
30 47
8 20
71 81
22 35
40 58
72 77
41 43
60 67
45 57
30 49
66 74
6 18
90 97
97 115
25 26
53 68
69 71
12 29
45 49
11 23
24 32
55 61
9 22
25 30
50 56
68 69
32 35
34 49
39 49
23 32
43 58
60 72
88 94
54 71
80 92
43 58
94 96
61 67
60 75
52 53
74 79
80 85
20 36
74 76
97 116
33 41
31 50
95 109
88 108
77 86
81 100
22 31
69 77
14 22
88 98
4 6
83 96
86 95
56 71
81 83
60 65
68 77
60 74
76 84
77 93
80 88
4 23
93 107
48 50
29 34
96 98
7 8
96 108
87 97
78 86
54 56
42 55
22 37
4 21
43 52
4 17
83 88
89 100
67 68
75 88
96 113
8 13
27 41
48 66
34 53
95 112
34 45
31 49
27 29
42 62
4 24
49 58
89 92
5 7
63 73
56 57
30 38
18 27
80 93
2 10
82 85
26 29
23 42
62 69
48 53
68 85
52 70
10 30
36 54
74 88
47 56
62 67
97 106
19 35
78 82
66 73
66 84
27 28
85 86
70 88
85 98
8 10
65 71
92 111
80 91
94 103
60 80
67 79
34 42
5 13
68 71
27 42
87 102
36 48
36 38
75 90
82 96
67 71
19 37
72 80
55 63
97 101
71 78
18 29
62 80
20 35
48 64
63 69
80 89
79 90
86 92
92 99
21 23
93 102
22 39
49 54
30 41
99 102
6 15
96 101
31 48
44 45
86 88
57 66
82 102
72 87
42 47
94 97
31 44
71 74
3 14
50 54
9 10
33 46
92 97
56 67
68 69
98 111
88 90
78 93
34 52
27 44
27 33
65 72
45 53
16 21
15 16
91 109
81 89
5 23
7 11
96 98
4 9
61 64
22 42
4 6
25 36
9 25
70 86
86 96
23 31
61 80
39 46
7 25
98 109
3 7
16 27
3 22
71 89
92 109
12 14
18 20
41 45
90 95
83 93
79 81
73 89
75 87
2 6
47 50
63 72
85 89
12 29
91 96
54 65
95 109
12 21
99 108
70 85
26 41
76 93
94 113
76 78
2 14
33 43
19 25
64 81
64 70
80 86
89 104
37 39
59 67
54 74
3 12
80 86
60 66
87 91
94 113
16 35
13 27
63 70
71 86
29 45
18 25
17 27
91 105
87 98
14 27
71 77
34 48
97 108
61 62
97 102
62 73
20 35
73 85
3 20
51 60
59 71
41 51
32 37
35 36
42 56
63 71
95 111
41 48
89 97
89 96
63 73
85 93
6 23
80 92
26 41
65 80
12 18
52 61
32 38
22 29
54 59
24 25
62 82
72 77
18 34
59 73
41 54
81 90
90 94
51 63
82 94
40 47
63 70
60 73
12 15
96 116
75 89
64 74
22 33
55 69
42 46
54 62
67 83
47 50
98 109
6 12
86 92
88 90
59 71
76 94
32 40
97 112
53 60
43 52
79 81
55 59
58 78
16 35
40 51
55 74
16 17
69 70
78 83
65 76
2 12
64 76
84 91
93 102
74 83
7 21
37 40
6 7
28 37
37 46
66 82
85 88
39 51
75 94
41 59
44 50
13 21
6 26
48 51
3 14
85 87
82 87
32 43
10 19
43 59
77 94
46 65
48 58
64 76
50 55
73 89
81 98
74 85
45 47
95 101
70 83
21 41
89 106
65 74
41 55
54 72
24 36
35 39
45 47
88 107
98 108
17 24
91 101
47 61
57 60
34 42
99 102
83 93
53 68
100 109
75 79
14 34
83 101
40 51
42 51
9 26
2 3
9 27
98 103
6 8
62 69
48 59
56 60
27 42
37 38
38 45
9 26
18 19
94 95
9 20
39 45
86 93
3 19
83 96
38 46
96 111
37 44
94 113
47 48
74 84
79 81
50 62
76 95
4 20
29 40
35 38
86 104
81 97
73 83
87 106
74 86
43 55
61 71
52 69
86 103
71 84
98 110
44 52
21 30
73 92
48 62
95 114
27 45
90 107
5 21
35 53
16 34
63 77
61 77
42 46
28 42
15 35
22 37
47 52
11 28
9 15
15 29
13 26
9 23
5 7
51 67
39 59
74 79
97 102
41 42
86 100
98 118
61 72
18 32
16 18
37 57
67 74
99 114
71 79
59 74
77 82
7 19
51 54
62 74
41 49
55 74
39 43
79 91
35 53
50 67
33 40
73 92
17 37
33 41
72 89
24 32
51 57
29 33
58 65
35 51
35 44
17 34
56 58
67 76
93 96
56 76
92 94
52 58
68 72
53 69
39 48
79 99
61 63
69 80
67 85
6 13
54 62
16 32
14 31
48 68
10 29
36 38
10 16
92 103
61 77
4 23
90 94
3 22
22 34
41 43
47 51
5 15
35 48
28 35
86 102
56 61
52 56
31 35
4 5
43 50
3 15
54 64
18 35
64 79
72 75
12 30
63 80
85 102
69 82
18 19
44 50
88 93
7 25
72 82
93 109
51 57
23 42
15 27
63 68
55 62
98 100
17 31
30 41
16 29
28 45
23 31
67 70
52 57
72 81
63 74
13 23
83 84
19 35
59 63
19 39
57 65
66 70
28 30
51 69
5 6
88 101
17 29
84 97
83 89
78 82
23 32
29 36
39 48
11 24
92 103
41 58
66 81
23 27
88 89
14 33
62 77
85 102
57 70
84 97
3 16
17 29
76 90
14 16
53 57
2 15
33 38
14 29
49 60
46 55
88 101
77 84
4 15
29 40
75 91
92 105
21 29
31 34
55 57
9 12
52 68
8 25
13 32
85 95
18 29
69 76
27 47
26 43
26 43
18 27
32 48
41 54
98 102
52 57
47 57
65 68
82 86
13 33
35 38
50 53
90 108
18 35
14 34
38 44
41 55
14 32
9 28
47 54
86 105
25 29
31 34
35 36
10 26
13 27
87 97
48 67
43 48
83 85
51 68
24 41
35 39
19 37
9 12
85 91
100 105
50 65
33 51
60 63
37 47
36 38
43 59
84 96
20 25
19 30
25 43
79 84
63 77
71 81
67 77
33 39
84 102
63 78
79 97
98 106
28 42
12 19
22 24
65 73
35 39
64 77
50 54
69 74
87 88
19 28
43 50
75 92
96 99
41 44
62 73
70 88
12 19
25 37
70 84
61 70
74 90
29 45
76 81
85 90
46 52
84 103
98 100
37 57
42 43
77 83
70 71
14 24
95 113
5 17
44 46
43 56
17 36
82 98
75 95
7 15
9 27
100 114
16 34
69 86
76 95
85 104
99 102
26 44
60 69
57 59
66 75
22 38
4 13
56 68
95 109
59 69
100 113
32 33
63 81
23 30
85 96
62 69
22 28
77 94
21 29
64 69
60 76
18 36
60 71
98 105
83 95
78 95
24 31
24 37
29 33
47 56
91 103
23 28
22 28
89 101
97 110
14 18
92 102
18 22
25 32
57 76
76 96
14 18
71 91
28 41
98 105
52 68
36 48
3 20
44 56
8 16
63 73
42 46
29 34
78 85
49 50
81 87
13 24
96 108
60 80
36 40
90 106
47 60
9 23
47 52
36 40
92 93
95 114
22 30
46 56
55 71
46 53
55 59
42 51
41 50
88 99
46 49
76 91
15 27
29 49
15 26
89 108
13 29
15 27
96 104
64 84
26 32
12 15
90 93
77 91
40 59
43 48
17 34
76 84
92 111
1 16
19 33
34 47
88 100
29 30
53 67
34 42
76 94
5 15
8 20
77 85
51 67
69 88
42 60
19 37
96 109
95 99
61 71
40 60
75 81
89 91
63 80
71 73
27 34
48 60
89 97
9 21
61 64
39 43
96 106
87 103
7 13
72 78
16 18
56 74
70 81
85 91
81 94
94 112
66 70
89 104
50 64
49 56
29 45
58 78
24 31
76 93
30 49
17 33
59 78
80 100
12 32
30 41
63 73
80 89
36 56
41 49
39 48
75 84
7 25
3 9
61 66
50 56
81 88
46 53
73 80
50 53
61 73
41 56
6 15
96 107
58 62
42 58
84 97
68 79
52 63
67 76
65 81
50 60
98 117
45 61
56 62
92 108
2 6
18 36
87 104
47 58
79 81
3 10
60 74
12 21
10 21
55 59
21 37
99 102
75 78
53 64
23 30
10 19
49 51
32 41
25 33
25 29
90 100
27 35
46 52
29 43
47 63
61 81
26 36
24 31
21 30
59 62
43 54
9 23
57 69
26 35
25 42
93 111
20 24
90 105
71 80
25 28
9 28
62 67
43 50
37 49
43 46
91 110
94 97
92 106
58 64
66 85
35 49
5 24
66 74
37 48
24 44
95 113
54 61
65 82
67 85
47 56
93 105
35 53
95 111
51 54
65 81
86 89
62 80
17 25
76 92
38 51
11 13
11 13
29 42
28 41
72 89
69 72
22 33
51 56
57 73
55 63
30 47
80 83
7 24
49 64
8 9
94 109
87 96
100 106
59 67
93 103
65 74
35 48
25 41
77 95
18 19
54 66
25 39
14 34
3 15
63 72
1 9
82 91
17 28
80 82
27 39
88 99
66 68
16 30
61 68
96 97
40 44
54 60
70 89
28 32
42 59
37 50
13 30
12 14
57 63
48 67
60 72
95 111
85 90
71 81
79 80
82 97
88 105
30 43
14 16
41 60
15 31
53 60
76 94
3 14
27 38
32 46
99 104
76 81
71 91
80 85
84 96
63 81
65 66
94 96
20 28
27 39
86 100
2 19
13 29
10 11
84 98
50 61
65 84
75 84
29 47
17 27
36 48
33 34
71 78
92 96
5 20
28 37
9 17
65 85
46 57
94 112
11 14
10 18
14 22
50 68
2 7
74 90
10 24
87 100
26 32
35 43
77 84
68 69
31 38
13 24
79 99
97 117
8 9
37 48
72 89
3 19
82 99
52 62
54 63
18 21
12 23
60 70
9 12
92 111
7 9
19 28
60 72
24 25
40 49
22 40
73 78
100 102
99 108
75 92
25 36
37 55
32 41
89 98
68 69
36 41
20 30
39 44
96 108
86 97
73 89
14 17
12 30
81 99
