100 120
15 24
61 81
62 72
72 78
34 36
91 102
22 24
63 78
27 43
6 25
81 99
15 29
97 104
14 29
100 108
9 26
100 110
99 101
47 57
8 9
98 102
87 91
62 82
16 28
23 30
45 58
9 25
59 65
5 11
54 63
85 102
48 51
32 33
74 83
6 9
93 112
7 20
55 65
52 71
99 114
48 63
44 64
26 39
11 29
1 3
30 32
75 90
45 62
6 21
63 76
25 43
63 69
37 55
61 75
94 107
95 99
65 82
95 109
8 17
8 13
78 82
50 63
44 48
80 92
1 21
24 43
31 32
66 74
27 37
22 28
42 44
60 62
35 39
55 59
76 91
52 66
25 39
3 11
85 101
44 45
42 54
81 87
30 41
38 54
50 56
86 95
72 90
82 84
43 45
81 97
97 109
68 69
11 30
14 19
26 37
49 66
4 8
80 82
60 79
81 90
77 83
79 95
50 66
95 110
61 76
78 95
66 79
47 51
35 49
15 29
41 53
12 14
23 26
16 23
95 104
3 17
45 50
32 45
94 99
91 94
